 
0,0,0,0.00, 359.87, 359.92
-5.92239666730165E-05,7.71358609199524E-05,3.79383563995361E-05,0.00, 359.85, 359.95
-0.00015100697055459,0.000205026939511299,6.94394111633301E-05,0.00, 359.82, 0.00
-0.000309014925733209,0.000389197841286659,9.06139612197876E-05,359.99, 359.78, 0.08
-0.000444875797256827,0.000547738745808601,0.000102430582046509,359.98, 359.74, 0.14
-0.000699087046086788,0.000771474093198776,5.37186861038208E-05,359.97, 359.71, 0.24
-0.000992040382698178,0.00106549076735973,-6.96927309036255E-05,359.97, 359.68, 0.36
-0.00135606597177684,0.00148231722414494,-0.000231087207794189,359.99, 359.66, 0.53
-0.00173450284637511,0.00190726667642593,-0.000407665967941284,0.00, 359.63, 0.71
-0.0022196932695806,0.00242812559008598,-0.000564873218536377,0.04, 359.59, 0.93
-0.00280245509929955,0.0030241459608078,-0.000696271657943726,0.11, 359.54, 1.17
-0.0034133605659008,0.00365613214671612,-0.000862523913383484,0.18, 359.48, 1.43
-0.00407408736646175,0.00435405597090721,-0.000974416732788086,0.28, 359.41, 1.71
-0.00487115932628512,0.00517920963466167,-0.00108051300048828,0.38, 359.33, 2.05
-0.00572709366679192,0.00601265765726566,-0.0012049674987793,0.50, 359.26, 2.39
-0.00653462018817663,0.00679775513708591,-0.00133708119392395,0.61, 359.19, 2.71
-0.00741287553682923,0.00760315731167793,-0.00145919620990753,0.74, 359.11, 3.04
-0.00832928903400898,0.00835436210036278,-0.00163307785987854,0.86, 359.03, 3.36
-0.00924349017441273,0.00908265635371208,-0.00182914733886719,0.98, 358.97, 3.68
-0.0101737733930349,0.00982011668384075,-0.00204569101333618,1.10, 358.90, 4.00
-0.0111054666340351,0.0105339959263802,-0.00230059027671814,1.21, 358.83, 4.32
-0.0120941419154406,0.0112377852201462,-0.00261396169662476,1.31, 358.78, 4.64
-0.0130957579240203,0.0118866497650743,-0.00293739140033722,1.41, 358.74, 4.95
-0.0141367949545383,0.0125499861314893,-0.00328686833381653,1.51, 358.70, 5.27
-0.0151019627228379,0.0131250489503145,-0.00363828241825104,1.61, 358.65, 5.55
-0.016179334372282,0.0137455528602004,-0.00404587388038635,1.72, 358.61, 5.86
-0.0172312296926975,0.0142887467518449,-0.00443828105926514,1.82, 358.57, 6.15
-0.0183642134070396,0.0148182921111584,-0.00489914417266846,1.93, 358.55, 6.45
-0.0194340087473392,0.0153047991916537,-0.00534425675868988,2.03, 358.52, 6.73
-0.0205980110913515,0.0157604180276394,-0.00583785772323608,2.13, 358.50, 7.03
-0.021737115457654,0.0161105915904045,-0.00631934404373169,2.21, 358.48, 7.29
-0.0229484941810369,0.0164290871471167,-0.0068243145942688,2.30, 358.47, 7.56
-0.0246117282658815,0.0167995803058147,-0.0075104683637619,2.40, 358.45, 7.91
-0.0256622992455959,0.0170161239802837,-0.0079418420791626,2.46, 358.44, 8.13
-0.0280166640877724,0.0172612201422453,-0.00884084403514862,2.53, 358.41, 8.56
-0.0293479766696692,0.0173799023032188,-0.00934305787086487,2.57, 358.39, 8.79
-0.0306925941258669,0.0174800269305706,-0.00986163318157196,2.60, 358.38, 9.03
-0.031989548355341,0.0176032483577728,-0.0103901326656342,2.62, 358.37, 9.26
-0.0333655327558517,0.0176774673163891,-0.0109177380800247,2.62, 358.36, 9.50
-0.0346782505512238,0.0177319794893265,-0.0114122480154037,2.63, 358.35, 9.73
-0.0361538752913475,0.0177155211567879,-0.0119214504957199,2.63, 358.33, 9.97
-0.0374627560377121,0.0176968332380056,-0.0123824924230576,2.62, 358.32, 10.20
-0.0389166623353958,0.0176614858210087,-0.012882336974144,2.61, 358.31, 10.44
-0.0403925850987434,0.0176069103181362,-0.0133758634328842,2.59, 358.30, 10.69
-0.0418480858206749,0.0175443310290575,-0.0138970166444778,2.57, 358.30, 10.94
-0.0432464480400085,0.0174674950540066,-0.014442577958107,2.55, 358.31, 11.18
-0.0447898134589195,0.0173505991697311,-0.0150677487254143,2.52, 358.31, 11.45
-0.0461895391345024,0.0172266662120819,-0.0156154334545135,2.50, 358.32, 11.68
-0.0477064698934555,0.0170617289841175,-0.0162191092967987,2.47, 358.34, 11.93
-0.0492629408836365,0.0168474148958921,-0.0169017538428307,2.45, 358.36, 12.17
-0.050784669816494,0.0165985599160194,-0.0176159292459488,2.44, 358.39, 12.39
-0.0523380413651466,0.016327291727066,-0.0183325111865997,2.42, 358.43, 12.62
-0.0539290681481361,0.0160360708832741,-0.0191572904586792,2.42, 358.46, 12.84
-0.0554578453302383,0.0157487131655216,-0.0199696570634842,2.41, 358.50, 13.05
-0.0570995360612869,0.0154436528682709,-0.0208758115768433,2.40, 358.54, 13.27
-0.0586979910731316,0.0151319168508053,-0.021746464073658,2.40, 358.58, 13.48
-0.0603829100728035,0.0148182278499007,-0.0227343514561653,2.40, 358.64, 13.68
-0.062055341899395,0.0145486081019044,-0.0238037630915642,2.41, 358.71, 13.87
-0.0639660954475403,0.0142575372010469,-0.0250295400619507,2.44, 358.79, 14.07
-0.0656086802482605,0.0140012325718999,-0.0260839089751244,2.46, 358.85, 14.23
-0.0674708634614944,0.0137271145358682,-0.0273070111870766,2.49, 358.93, 14.40
-0.0694342702627182,0.0134184751659632,-0.0285372957587242,2.52, 359.01, 14.53
-0.0713678002357483,0.0131338834762573,-0.0297940596938133,2.56, 359.10, 14.64
-0.0732891410589218,0.0128602543845773,-0.0311291143298149,2.60, 359.20, 14.73
-0.0752871409058571,0.012585966847837,-0.032523088157177,2.65, 359.29, 14.83
-0.0771573632955551,0.0123313423246145,-0.0339016392827034,2.71, 359.39, 14.90
-0.0792082995176315,0.0120682716369629,-0.0354509055614471,2.77, 359.51, 14.95
-0.0812345370650291,0.0117941796779633,-0.0369800552725792,2.83, 359.64, 14.97
-0.0832429677248001,0.0115409614518285,-0.0384953320026398,2.89, 359.76, 14.99
-0.0853457525372505,0.0112426802515984,-0.0401330143213272,2.98, 359.90, 14.97
-0.087467722594738,0.0109442891553044,-0.0417917519807816,3.08, 0.07, 14.94
-0.0896399021148682,0.0106440270319581,-0.043523333966732,3.18, 0.24, 14.89
-0.0917370617389679,0.0103745330125093,-0.0452058166265488,3.28, 0.41, 14.84
-0.0939072594046593,0.0100995264947414,-0.0469653010368347,3.38, 0.59, 14.78
-0.0964649692177773,0.00979596190154552,-0.0490742027759552,3.51, 0.80, 14.70
-0.0982113182544708,0.00958954356610775,-0.0504746809601784,3.58, 0.93, 14.63
-0.100405097007751,0.00934846140444279,-0.0522293746471405,3.67, 1.10, 14.55
-0.102571174502373,0.0091339498758316,-0.0540141835808754,3.76, 1.28, 14.47
-0.104800209403038,0.00893587432801723,-0.0558496117591858,3.84, 1.46, 14.38
-0.107018575072289,0.00876275263726711,-0.0576872229576111,3.90, 1.64, 14.29
-0.109229780733585,0.00861029140651226,-0.0595162138342857,3.96, 1.82, 14.19
-0.111402273178101,0.00845976546406746,-0.0613371580839157,4.02, 2.00, 14.09
-0.113688178360462,0.00833242572844028,-0.0632243826985359,4.08, 2.17, 13.97
-0.11803774535656,0.00817341729998589,-0.0667896345257759,4.18, 2.46, 13.75
-0.12035895138979,0.00811385735869408,-0.0687096267938614,4.24, 2.61, 13.62
-0.122870087623596,0.00812026299536228,-0.0708233863115311,4.30, 2.77, 13.48
-0.124577924609184,0.00810936838388443,-0.0722256824374199,4.35, 2.87, 13.38
-0.128516763448715,0.00813563726842403,-0.0754164606332779,4.47, 3.10, 13.13
-0.130565941333771,0.0081492904573679,-0.0770980417728424,4.54, 3.21, 12.98
-0.132604420185089,0.00813604705035686,-0.0787759721279144,4.61, 3.32, 12.81
-0.134591564536095,0.00813163816928864,-0.0804349333047867,4.70, 3.42, 12.62
-0.136465892195702,0.00815114006400108,-0.0820070505142212,4.79, 3.52, 12.45
-0.138496369123459,0.00817161984741688,-0.0837845504283905,4.90, 3.63, 12.22
-0.140300467610359,0.00816842168569565,-0.085445873439312,5.03, 3.73, 11.99
-0.142000988125801,0.00819476135075092,-0.0870338082313538,5.15, 3.82, 11.78
-0.143695890903473,0.00825583748519421,-0.0887793079018593,5.31, 3.91, 11.54
-0.146910667419434,0.00837315432727337,-0.0925630405545235,5.74, 4.15, 10.97
-0.148530334234238,0.0084502212703228,-0.0946661904454231,6.00, 4.28, 10.65
-0.14988474547863,0.00855432078242302,-0.096500352025032,6.22, 4.39, 10.38
-0.151220142841339,0.00869743712246418,-0.098547175526619,6.48, 4.51, 10.08
-0.152755200862885,0.00882104784250259,-0.100919418036938,6.79, 4.65, 9.71
-0.153899982571602,0.00889024510979652,-0.102704539895058,7.04, 4.75, 9.42
-0.156022429466248,0.00916842743754387,-0.106490477919579,7.56, 4.97, 8.81
-0.157115548849106,0.00938401743769646,-0.108621641993523,7.88, 5.09, 8.47
-0.15811063349247,0.0096140019595623,-0.110690601170063,8.20, 5.21, 8.14
-0.159062325954437,0.00988235510885715,-0.112796500325203,8.52, 5.32, 7.81
-0.160033941268921,0.0101396199315786,-0.11490985751152,8.85, 5.45, 7.47
-0.161906838417053,0.0107162753120065,-0.118894144892693,9.60, 5.66, 6.78
-0.162730798125267,0.0110069895163178,-0.120732262730598,9.93, 5.76, 6.47
-0.1635522544384,0.0113600874319673,-0.122590765357018,10.30, 5.86, 6.15
-0.164345756173134,0.0118341231718659,-0.124484062194824,10.69, 5.97, 5.85
-0.165131747722626,0.0124346893280745,-0.12643238902092,11.14, 6.09, 5.56
-0.16583950817585,0.0130354268476367,-0.128304645419121,11.55, 6.21, 5.28
-0.166537642478943,0.0136850932613015,-0.130161345005035,11.98, 6.32, 5.02
-0.167208552360535,0.0143151869997382,-0.131913527846336,12.40, 6.43, 4.75
-0.167864218354225,0.0149744004011154,-0.133672326803207,12.83, 6.54, 4.48
-0.168484628200531,0.0156581215560436,-0.135444939136505,13.26, 6.64, 4.21
-0.169091627001762,0.0163956880569458,-0.137174218893051,13.68, 6.75, 3.96
-0.16966025531292,0.0171570666134357,-0.138837859034538,14.11, 6.86, 3.72
-0.170224115252495,0.0179426334798336,-0.140489608049393,14.54, 6.97, 3.48
-0.170751631259918,0.0187396258115768,-0.142135143280029,14.96, 7.07, 3.25
-0.171793013811111,0.0204975344240665,-0.145371571183205,15.80, 7.27, 2.76
-0.172224119305611,0.0213013309985399,-0.146788328886032,16.16, 7.35, 2.54
-0.172620505094528,0.0221471041440964,-0.148231834173203,16.53, 7.42, 2.31
-0.173007845878601,0.0230418406426907,-0.149731546640396,16.90, 7.49, 2.07
-0.173347353935242,0.0239283386617899,-0.15116386115551,17.26, 7.54, 1.83
-0.173663198947906,0.0248277653008699,-0.152559354901314,17.60, 7.60, 1.59
-0.173984304070473,0.0258469879627228,-0.154056400060654,17.96, 7.66, 1.32
-0.174251139163971,0.0267987381666899,-0.155424281954765,18.28, 7.72, 1.08
-0.174465954303741,0.0278874486684799,-0.156832545995712,18.61, 7.78, 0.84
-0.174591183662415,0.0291741564869881,-0.158351734280586,18.96, 7.85, 0.59
-0.174686416983604,0.0303444657474756,-0.159614682197571,19.25, 7.90, 0.38
-0.174762591719627,0.0316656194627285,-0.161010265350342,19.57, 7.97, 0.14
-0.174813851714134,0.0330262333154678,-0.162332564592361,19.87, 8.02, 359.90
-0.174848884344101,0.0343873724341393,-0.163498520851135,20.15, 8.07, 359.67
-0.174866452813148,0.0358621403574944,-0.164647608995438,20.43, 8.13, 359.44
-0.174853444099426,0.037401307374239,-0.165823087096214,20.70, 8.19, 359.21
-0.174822956323624,0.0389085114002228,-0.166853785514832,20.95, 8.23, 358.98
-0.174765780568123,0.040524173527956,-0.167828112840652,21.19, 8.27, 358.73
-0.174694985151291,0.0421279221773148,-0.168640449643135,21.41, 8.31, 358.50
-0.174599081277847,0.0438174828886986,-0.16946779191494,21.63, 8.35, 358.27
-0.17446956038475,0.0455716848373413,-0.170213967561722,21.83, 8.39, 358.03
-0.174340233206749,0.0473284125328064,-0.170913621783257,22.02, 8.42, 357.77
-0.174220815300941,0.0489903464913368,-0.171527862548828,22.19, 8.45, 357.53
-0.174085587263107,0.0506891049444675,-0.172133207321167,22.35, 8.49, 357.28
-0.173936352133751,0.0524331144988537,-0.172740265727043,22.51, 8.52, 357.02
-0.173743888735771,0.0542733669281006,-0.173342362046242,22.66, 8.55, 356.74
-0.173554852604866,0.0558660440146923,-0.17382887005806,22.76, 8.57, 356.48
-0.173332929611206,0.0576455369591713,-0.174354165792465,22.88, 8.59, 356.19
-0.173143088817596,0.0592082142829895,-0.174850985407829,22.97, 8.61, 355.90
-0.172893941402435,0.0608837082982063,-0.175371050834656,23.04, 8.63, 355.59
-0.172575727105141,0.0625510588288307,-0.175845354795456,23.09, 8.64, 355.26
-0.172230124473572,0.064072884619236,-0.176251173019409,23.14, 8.65, 354.97
-0.171866029500961,0.0656369403004646,-0.176651433110237,23.18, 8.65, 354.67
-0.171400532126427,0.0674477070569992,-0.177070438861847,23.21, 8.65, 354.33
-0.171036511659622,0.0687494874000549,-0.177358612418175,23.23, 8.65, 354.09
-0.170519918203354,0.0704285278916359,-0.177739202976227,23.25, 8.66, 353.80
-0.170017138123512,0.072030670940876,-0.178089559078217,23.27, 8.67, 353.53
-0.169487729668617,0.0736343711614609,-0.178442746400833,23.28, 8.67, 353.26
-0.168958261609077,0.0751824975013733,-0.178763687610626,23.27, 8.67, 352.99
-0.168336883187294,0.0768682807683945,-0.179087534546852,23.25, 8.67, 352.70
-0.167782872915268,0.0783454924821854,-0.17936746776104,23.23, 8.66, 352.45
-0.16715569794178,0.0799163356423378,-0.179664641618729,23.19, 8.65, 352.19
-0.166493132710457,0.0814815014600754,-0.180000156164169,23.16, 8.64, 351.95
-0.165798589587212,0.0830396711826324,-0.180326372385025,23.10, 8.62, 351.69
-0.165110275149345,0.0845599696040154,-0.180645778775215,23.05, 8.61, 351.45
-0.164365351200104,0.0860980004072189,-0.180947065353394,22.99, 8.58, 351.20
-0.163614839315414,0.0875821709632874,-0.181239157915115,22.91, 8.54, 350.97
-0.162798121571541,0.0891764536499977,-0.181536704301834,22.83, 8.49, 350.73
-0.162054196000099,0.0906060859560966,-0.181812778115273,22.75, 8.45, 350.51
-0.161244213581085,0.0921060293912888,-0.182105407118797,22.67, 8.41, 350.30
-0.16041786968708,0.0936112925410271,-0.182390213012695,22.59, 8.36, 350.09
-0.159559682011604,0.0951691344380379,-0.182654291391373,22.50, 8.30, 349.88
-0.158763512969017,0.0965993329882622,-0.182903721928596,22.42, 8.26, 349.68
-0.157945245504379,0.0980789661407471,-0.183135256171227,22.34, 8.21, 349.49
-0.157087996602058,0.0996129065752029,-0.183356583118439,22.26, 8.16, 349.30
-0.156198740005493,0.101186253130436,-0.183539912104607,22.17, 8.12, 349.12
-0.15540885925293,0.102561995387077,-0.183711364865303,22.10, 8.08, 348.97
-0.154482662677765,0.104179315268993,-0.183843657374382,22.02, 8.04, 348.80
-0.15365244448185,0.105606064200401,-0.183874234557152,21.96, 7.99, 348.66
-0.152753248810768,0.107143059372902,-0.183793663978577,21.89, 7.94, 348.53
-0.151862218976021,0.108682028949261,-0.183633700013161,21.82, 7.88, 348.40
-0.150970235466957,0.11020128428936,-0.183478534221649,21.75, 7.83, 348.28
-0.150058999657631,0.111761309206486,-0.183252558112144,21.69, 7.77, 348.17
-0.149089470505714,0.113423228263855,-0.18295156955719,21.62, 7.71, 348.07
-0.148244202136993,0.114874050021172,-0.182655960321426,21.57, 7.66, 347.98
-0.147399231791496,0.11630579829216,-0.18236780166626,21.52, 7.61, 347.91
-0.146458491683006,0.117911368608475,-0.182007282972336,21.47, 7.54, 347.82
-0.145574629306793,0.119391910731792,-0.181648761034012,21.43, 7.48, 347.76
-0.144568100571632,0.121089980006218,-0.181220307946205,21.39, 7.42, 347.69
-0.143748104572296,0.12245899438858,-0.180876687169075,21.36, 7.37, 347.64
-0.142798542976379,0.124048732221127,-0.180450826883316,21.33, 7.31, 347.60
-0.141859993338585,0.125625282526016,-0.180028647184372,21.30, 7.25, 347.56
-0.140918403863907,0.127213776111603,-0.17957615852356,21.28, 7.19, 347.53
-0.140010222792625,0.128732249140739,-0.179146230220795,21.25, 7.14, 347.50
-0.139056116342545,0.130319491028786,-0.178699821233749,21.23, 7.09, 347.47
-0.138045281171799,0.132000178098679,-0.178215563297272,21.20, 7.03, 347.45
-0.137148499488831,0.133493289351463,-0.177772760391235,21.18, 6.98, 347.44
-0.136117652058601,0.135191902518272,-0.177274972200394,21.15, 6.93, 347.43
-0.13520772755146,0.136694744229317,-0.176838308572769,21.12, 6.89, 347.41
-0.134234875440598,0.138301074504852,-0.176360040903091,21.08, 6.84, 347.40
-0.133278921246529,0.139852955937386,-0.175897017121315,21.03, 6.80, 347.40
-0.132259130477905,0.141495048999786,-0.175411343574524,20.99, 6.75, 347.39
-0.13131220638752,0.143007397651672,-0.174957811832428,20.93, 6.70, 347.40
-0.130281403660774,0.144649177789688,-0.174474000930786,20.86, 6.66, 347.40
-0.129212871193886,0.146331965923309,-0.173964276909828,20.78, 6.60, 347.41
-0.128314107656479,0.147736504673958,-0.173544704914093,20.71, 6.56, 347.41
-0.12727852165699,0.1492939889431,-0.17302268743515,20.61, 6.50, 347.41
-0.12620285153389,0.150888592004776,-0.172475591301918,20.49, 6.43, 347.41
-0.125227510929108,0.152325391769409,-0.171980932354927,20.38, 6.36, 347.41
-0.124199241399765,0.15383081138134,-0.171468660235405,20.26, 6.29, 347.41
-0.123149491846561,0.155369982123375,-0.170954704284668,20.14, 6.21, 347.41
-0.122152611613274,0.156830549240112,-0.170449644327164,20.01, 6.14, 347.42
-0.121159598231316,0.158283203840256,-0.169962912797928,19.89, 6.07, 347.42
-0.120120525360107,0.159794181585312,-0.169464915990829,19.77, 5.99, 347.43
-0.119111992418766,0.161269620060921,-0.168992429971695,19.65, 5.92, 347.44
-0.11809977889061,0.162774264812469,-0.168513104319572,19.52, 5.85, 347.46
-0.117076210677624,0.164316296577454,-0.168026402592659,19.39, 5.79, 347.48
-0.11610109359026,0.16577684879303,-0.167573824524879,19.26, 5.72, 347.50
-0.115111365914345,0.167276173830032,-0.167112201452255,19.13, 5.66, 347.53
-0.114136345684528,0.168786630034447,-0.166654676198959,18.98, 5.60, 347.56
-0.113171026110649,0.170332476496696,-0.166203901171684,18.82, 5.55, 347.60
-0.112212926149368,0.171918481588364,-0.165762260556221,18.65, 5.50, 347.66
-0.111106492578983,0.173883065581322,-0.165357232093811,18.42, 5.45, 347.75
-0.110201440751553,0.175420135259628,-0.164945021271706,18.24, 5.42, 347.81
-0.109464667737484,0.176689073443413,-0.164610639214516,18.09, 5.39, 347.87
-0.108586184680462,0.178219720721245,-0.164201512932777,17.90, 5.35, 347.95
-0.10769210010767,0.17977012693882,-0.16379326581955,17.71, 5.31, 348.03
-0.106797263026237,0.181345358490944,-0.163338214159012,17.50, 5.25, 348.11
-0.105898626148701,0.182949781417847,-0.162865981459618,17.28, 5.20, 348.20
-0.104999907314777,0.184585183858871,-0.16240930557251,17.05, 5.14, 348.30
-0.104158006608486,0.186111852526665,-0.161986589431763,16.83, 5.09, 348.39
-0.103300593793392,0.187703534960747,-0.161556661128998,16.61, 5.04, 348.48
-0.102502934634686,0.189209073781967,-0.161140829324722,16.39, 4.98, 348.59
-0.101670458912849,0.190838187932968,-0.160678967833519,16.17, 4.92, 348.70
-0.100859984755516,0.192412152886391,-0.160243958234787,15.95, 4.86, 348.81
-0.1000841781497,0.193936347961426,-0.159799382090569,15.74, 4.79, 348.92
-0.0993387922644615,0.195421829819679,-0.159332662820816,15.52, 4.71, 349.03
-0.0986014306545258,0.196911543607712,-0.15883082151413,15.29, 4.63, 349.14
-0.097900465130806,0.19831682741642,-0.158367812633514,15.07, 4.55, 349.24
-0.0971594527363777,0.199838116765022,-0.157881036400795,14.84, 4.47, 349.35
-0.0964850634336472,0.201247602701187,-0.157453998923302,14.62, 4.40, 349.45
-0.0958747267723083,0.202556371688843,-0.157067716121674,14.41, 4.34, 349.55
-0.0952528342604637,0.203882560133934,-0.156682640314102,14.21, 4.28, 349.65
-0.0946354940533638,0.205231323838234,-0.156282693147659,13.99, 4.21, 349.75
-0.0940375998616219,0.206533864140511,-0.155873790383339,13.76, 4.14, 349.84
-0.0934259593486786,0.207846134901047,-0.155464574694633,13.51, 4.06, 349.94
-0.0928276851773262,0.209124863147736,-0.155070006847382,13.27, 3.98, 350.04
-0.0922332778573036,0.210397034883499,-0.154674664139748,13.02, 3.90, 350.15
-0.0916570574045181,0.211642354726791,-0.154296547174454,12.75, 3.82, 350.25
-0.0910665541887283,0.21292632818222,-0.153900548815727,12.46, 3.73, 350.36
-0.0905186682939529,0.214120283722878,-0.153528243303299,12.19, 3.64, 350.47
-0.0899384021759033,0.215394496917725,-0.153110548853874,11.89, 3.54, 350.59
-0.089374303817749,0.216658249497414,-0.152682900428772,11.59, 3.43, 350.72
-0.0888173207640648,0.217926114797592,-0.152232393622398,11.28, 3.30, 350.85
-0.088275283575058,0.21917437016964,-0.151785954833031,10.97, 3.17, 350.98
-0.0877256691455841,0.22044312953949,-0.151327461004257,10.66, 3.03, 351.11
-0.0871926173567772,0.221700713038445,-0.150874570012093,10.34, 2.89, 351.25
-0.0866854786872864,0.222906276583672,-0.150442332029343,10.03, 2.76, 351.39
-0.0861807242035866,0.224105402827263,-0.150009751319885,9.72, 2.61, 351.53
-0.0856116265058517,0.225488319993019,-0.14955735206604,9.37, 2.45, 351.70
-0.085179477930069,0.226538047194481,-0.149211063981056,9.11, 2.32, 351.83
-0.0847495645284653,0.227584838867188,-0.148940175771713,8.87, 2.20, 351.96
-0.0843014568090439,0.228671446442604,-0.148694485425949,8.63, 2.08, 352.12
-0.0838220119476318,0.229817375540733,-0.148444131016731,8.37, 1.95, 352.28
-0.083320640027523,0.231040120124817,-0.148228228092194,8.12, 1.82, 352.47
-0.082851380109787,0.232211783528328,-0.148035064339638,7.87, 1.69, 352.65
-0.0824058279395103,0.233343705534935,-0.147883102297783,7.64, 1.56, 352.83
-0.0819460973143578,0.234498217701912,-0.147736072540283,7.40, 1.43, 353.01
-0.0815105885267258,0.235615625977516,-0.147661030292511,7.17, 1.30, 353.19
-0.0810675621032715,0.236791059374809,-0.147630959749222,6.93, 1.16, 353.38
-0.0806704312562943,0.237914651632309,-0.147634819149971,6.69, 1.02, 353.58
-0.080266460776329,0.239040672779083,-0.147653177380562,6.46, 0.88, 353.77
-0.0798871293663979,0.240145236253738,-0.147732779383659,6.23, 0.75, 353.96
-0.079526498913765,0.241258665919304,-0.147876352071762,6.01, 0.62, 354.17
-0.0791897848248482,0.242366105318069,-0.148081481456757,5.79, 0.50, 354.39
-0.0788450688123703,0.243475005030632,-0.148306727409363,5.57, 0.37, 354.60
-0.0785271003842354,0.244603127241135,-0.148619666695595,5.37, 0.26, 354.83
-0.0782290250062943,0.245735540986061,-0.148995146155357,5.17, 0.16, 355.09
-0.0779584497213364,0.246806159615517,-0.149419099092484,4.99, 0.06, 355.33
-0.0776785686612129,0.247882932424545,-0.149868339300156,4.80, 359.97, 355.58
-0.0774336457252502,0.24892994761467,-0.150364249944687,4.62, 359.87, 355.82
-0.0772088021039963,0.249960839748383,-0.15089924633503,4.44, 359.77, 356.07
-0.076992467045784,0.251028805971146,-0.151510581374168,4.24, 359.66, 356.34
-0.0768150612711906,0.251999616622925,-0.152109816670418,4.05, 359.55, 356.58
-0.076630637049675,0.252969861030579,-0.152734190225601,3.86, 359.45, 356.83
-0.0764443576335907,0.253940314054489,-0.153470382094383,3.67, 359.34, 357.08
-0.0762760043144226,0.254849046468735,-0.154253035783768,3.49, 359.25, 357.33
-0.0761183351278305,0.255762666463852,-0.155111536383629,3.30, 359.15, 357.59
-0.0759495794773102,0.256687879562378,-0.156013399362564,3.11, 359.06, 357.86
-0.075800932943821,0.257563799619675,-0.156933963298798,2.94, 358.96, 358.12
-0.0756481140851974,0.258399933576584,-0.157898038625717,2.76, 358.86, 358.38
-0.0754963532090187,0.259226620197296,-0.158941522240639,2.59, 358.75, 358.65
-0.0753406435251236,0.260014623403549,-0.159982740879059,2.43, 358.64, 358.92
-0.0752023756504059,0.260778278112411,-0.161075159907341,2.27, 358.52, 359.18
-0.0750598162412643,0.261551052331924,-0.162261471152306,2.10, 358.38, 359.46
-0.0749368295073509,0.262230962514877,-0.163376778364182,1.95, 358.25, 359.72
-0.0748104825615883,0.262871116399765,-0.164468377828598,1.82, 358.12, 359.96
-0.0747021287679672,0.263526350259781,-0.165590077638626,1.68, 357.98, 0.21
-0.0745781883597374,0.264266312122345,-0.166906028985977,1.52, 357.79, 0.52
-0.0744821578264236,0.2648566365242,-0.168013781309128,1.39, 357.62, 0.77
-0.074398897588253,0.265318632125854,-0.168913155794144,1.29, 357.48, 0.97
-0.0742880627512932,0.265826374292374,-0.169953733682632,1.17, 357.29, 1.21
-0.0741857811808586,0.26629576086998,-0.170891731977463,1.05, 357.04, 1.45
-0.0740830302238464,0.266704738140106,-0.171782985329628,0.94, 356.75, 1.69
-0.0739711597561836,0.267087638378143,-0.172678500413895,0.83, 356.47, 1.92
-0.0738827511668205,0.267431974411011,-0.173516109585762,0.75, 356.17, 2.15
-0.0737742707133293,0.26776310801506,-0.174448281526566,0.67, 355.83, 2.41
-0.0736382156610489,0.268018424510956,-0.175266951322556,0.61, 355.54, 2.64
-0.0734706446528435,0.268280655145645,-0.176199927926064,0.54, 355.24, 2.88
-0.0732822194695473,0.268511116504669,-0.177142843604088,0.48, 354.92, 3.13
-0.0730805471539497,0.268709927797318,-0.178068786859512,0.42, 354.59, 3.39
-0.0728515833616257,0.268887400627136,-0.179036200046539,0.37, 354.26, 3.66
-0.0726116821169853,0.269017606973648,-0.180024698376656,0.32, 353.94, 3.94
-0.0723691284656525,0.26912459731102,-0.180967628955841,0.28, 353.64, 4.19
-0.0721114799380302,0.269173294305801,-0.181933552026749,0.24, 353.36, 4.44
-0.0718396604061127,0.269182145595551,-0.182963386178017,0.20, 353.08, 4.69
-0.0715493857860565,0.269177883863449,-0.184025719761848,0.16, 352.79, 4.94
-0.0711973533034325,0.26912260055542,-0.185147389769554,0.11, 352.51, 5.20
-0.0708000808954239,0.269028812646866,-0.186299353837967,0.06, 352.22, 5.45
-0.0703674480319023,0.268902957439423,-0.187474220991135,359.99, 351.93, 5.69
-0.0698786154389381,0.268707305192947,-0.188770204782486,359.91, 351.65, 5.95
-0.0693666487932205,0.268544614315033,-0.190053015947342,359.83, 351.36, 6.21
-0.0688002780079842,0.268347233533859,-0.191443800926208,359.74, 351.08, 6.46
-0.0682359114289284,0.268105149269104,-0.19281017780304,359.65, 350.81, 6.70
-0.0676123350858688,0.267787992954254,-0.194325834512711,359.53, 350.53, 6.94
-0.0670779868960381,0.267515540122986,-0.195606589317322,359.43, 350.30, 7.14
-0.0663255825638771,0.267091125249863,-0.197408467531204,359.28, 349.99, 7.42
-0.0656685307621956,0.266713738441467,-0.198967978358269,359.13, 349.72, 7.65
-0.0649658367037773,0.266332626342773,-0.200594291090965,358.97, 349.47, 7.88
-0.0644812285900116,0.266071021556854,-0.201701521873474,358.87, 349.30, 8.03
-0.0636942684650421,0.265614151954651,-0.203491866588593,358.71, 349.05, 8.25
-0.0629328116774559,0.265148609876633,-0.205244839191437,358.56, 348.81, 8.47
-0.0620902255177498,0.264655441045761,-0.207204222679138,358.39, 348.57, 8.69
-0.0613123849034309,0.264205545186996,-0.208992809057236,358.24, 348.36, 8.90
-0.0605369657278061,0.263736754655838,-0.21077224612236,358.09, 348.15, 9.09
-0.0596367716789246,0.263174563646317,-0.212845414876938,357.90, 347.90, 9.32
-0.0588411167263985,0.262694627046585,-0.214639991521835,357.73, 347.68, 9.51
-0.0580032020807266,0.26219779253006,-0.216511130332947,357.55, 347.45, 9.71
-0.0571194738149643,0.261662006378174,-0.218512684106827,357.34, 347.21, 9.92
-0.0562178865075111,0.26111364364624,-0.220534637570381,357.10, 346.97, 10.13
-0.0553180500864983,0.260507524013519,-0.222593933343887,356.84, 346.72, 10.33
-0.0544672012329102,0.25994610786438,-0.224524587392807,356.61, 346.48, 10.51
-0.0535829663276672,0.259287267923355,-0.226573258638382,356.34, 346.25, 10.68
-0.052733302116394,0.258596360683441,-0.228569447994232,356.06, 346.02, 10.84
-0.051862508058548,0.257905244827271,-0.230604529380798,355.77, 345.79, 11.00
-0.0510149449110031,0.25723671913147,-0.232578039169312,355.49, 345.56, 11.16
-0.0501753240823746,0.256529033184052,-0.234526336193085,355.19, 345.33, 11.32
-0.0492995604872704,0.255793273448944,-0.236524492502213,354.88, 345.07, 11.49
-0.0483952164649963,0.255032479763031,-0.238562494516373,354.56, 344.81, 11.67
-0.0475913882255554,0.25434610247612,-0.240328341722488,354.29, 344.58, 11.82
-0.0467397123575211,0.253622889518738,-0.242189988493919,354.01, 344.35, 11.97
-0.0458312183618546,0.252854466438293,-0.244120299816132,353.72, 344.11, 12.13
-0.0448985919356346,0.252051264047623,-0.246057063341141,353.43, 343.88, 12.28
-0.0439372882246971,0.251213312149048,-0.247978046536446,353.13, 343.65, 12.44
-0.0429476499557495,0.250356197357178,-0.249940812587738,352.82, 343.41, 12.61
-0.0419255122542381,0.249479785561562,-0.251913279294968,352.52, 343.16, 12.78
-0.0406778827309608,0.248367190361023,-0.254216730594635,352.17, 342.88, 12.98
-0.0397317409515381,0.247471123933792,-0.255918622016907,351.92, 342.68, 13.13
-0.0389381721615791,0.246722087264061,-0.257331550121307,351.71, 342.51, 13.25
-0.0379464104771614,0.245724365115166,-0.259092539548874,351.46, 342.30, 13.40
-0.0369140356779099,0.244630619883537,-0.260885715484619,351.21, 342.09, 13.55
-0.0358624160289764,0.243445336818695,-0.262660503387451,350.96, 341.90, 13.69
-0.0348093435168266,0.242261663079262,-0.264421075582504,350.72, 341.72, 13.83
-0.0336845926940441,0.240923449397087,-0.266258239746094,350.46, 341.53, 13.97
-0.0325853414833546,0.239601090550423,-0.268008351325989,350.22, 341.35, 14.12
-0.0314863808453083,0.238272532820702,-0.269706785678864,349.99, 341.16, 14.27
-0.0303582735359669,0.23690128326416,-0.271436780691147,349.75, 340.96, 14.42
-0.029315497726202,0.235629349946976,-0.27297055721283,349.55, 340.78, 14.56
-0.0281454659998417,0.23426428437233,-0.274643659591675,349.34, 340.60, 14.72
-0.0269479546695948,0.232862636446953,-0.276311278343201,349.14, 340.41, 14.89
-0.0257704053074121,0.231485903263092,-0.277937591075897,348.95, 340.24, 15.05
-0.0245599281042814,0.23006397485733,-0.279593676328659,348.76, 340.05, 15.21
-0.0233448594808578,0.228612139821053,-0.281226694583893,348.57, 339.88, 15.38
-0.0220899898558855,0.227093145251274,-0.282879114151001,348.39, 339.70, 15.55
-0.0208070427179337,0.225544691085815,-0.284557104110718,348.21, 339.53, 15.72
-0.0195105671882629,0.223891869187355,-0.286214232444763,348.02, 339.35, 15.88
-0.0183107927441597,0.222226977348328,-0.287731349468231,347.84, 339.20, 16.03
-0.0170391909778118,0.220419988036156,-0.289316117763519,347.65, 339.04, 16.18
-0.0157913342118263,0.218636885285378,-0.290861666202545,347.47, 338.89, 16.32
-0.0145251704379916,0.21677540242672,-0.29243203997612,347.28, 338.76, 16.45
-0.0132206501439214,0.214860901236534,-0.29405415058136,347.10, 338.63, 16.58
-0.0117643624544144,0.212773233652115,-0.295860201120377,346.89, 338.52, 16.72
-0.0103145465254784,0.210761278867722,-0.297653555870056,346.70, 338.42, 16.85
-0.00883475877344608,0.208716288208961,-0.299475938081741,346.51, 338.33, 16.98
-0.00729628512635827,0.20650652050972,-0.301355421543121,346.31, 338.23, 17.11
-0.00584499072283506,0.204442068934441,-0.303087502717972,346.14, 338.14, 17.23
-0.00440832041203976,0.202258616685867,-0.304780960083008,345.96, 338.04, 17.36
-0.00290569383651018,0.199964821338654,-0.306544363498688,345.77, 337.95, 17.49
-0.00148055050522089,0.197689905762672,-0.308193951845169,345.59, 337.84, 17.61
1.85286626219749E-06,0.195215433835983,-0.309869825839996,345.40, 337.74, 17.74
0.00192427029833198,0.192011639475822,-0.311991691589355,345.16, 337.60, 17.90
0.00327462609857321,0.189747869968414,-0.313475728034973,345.00, 337.50, 18.01
0.00455768220126629,0.187706246972084,-0.314838767051697,344.87, 337.43, 18.13
0.00626859255135059,0.185055792331696,-0.31658273935318,344.73, 337.34, 18.30
0.00787821691483259,0.182546466588974,-0.318241626024246,344.62, 337.28, 18.47
0.00948299933224916,0.180045589804649,-0.319879055023193,344.51, 337.22, 18.63
0.0111906947568059,0.177376091480255,-0.321639835834503,344.42, 337.18, 18.81
0.0128974691033363,0.174670666456223,-0.323347091674805,344.34, 337.17, 19.01
0.01461561024189,0.171968102455139,-0.324995368719101,344.28, 337.17, 19.22
0.016419593244791,0.169139042496681,-0.326696842908859,344.22, 337.17, 19.44
0.0181148685514927,0.16635262966156,-0.328226923942566,344.16, 337.17, 19.63
0.0198456812649965,0.163398176431656,-0.32974961400032,344.10, 337.18, 19.82
0.0216140616685152,0.160301238298416,-0.331235229969025,344.06, 337.19, 20.00
0.0233916062861681,0.157186463475227,-0.332709193229675,344.01, 337.21, 20.18
0.0251649953424931,0.153975367546082,-0.334120750427246,343.97, 337.23, 20.34
0.0270091835409403,0.150565147399902,-0.335551053285599,343.93, 337.26, 20.50
0.0288348067551851,0.147086635231972,-0.336901187896729,343.88, 337.29, 20.65
0.0306369345635176,0.143639490008354,-0.338217794895172,343.83, 337.31, 20.80
0.0324737876653671,0.140013858675957,-0.339525878429413,343.77, 337.34, 20.93
0.0342434346675873,0.136460810899734,-0.340770810842514,343.70, 337.36, 21.05
0.0360635742545128,0.132671788334846,-0.342049658298492,343.62, 337.39, 21.16
0.037890687584877,0.128847494721413,-0.343324840068817,343.53, 337.42, 21.26
0.0396697446703911,0.125098332762718,-0.344532907009125,343.45, 337.45, 21.34
0.0415326207876205,0.121173389256001,-0.345778405666351,343.35, 337.47, 21.40
0.0434895306825638,0.117022715508938,-0.347084671258926,343.26, 337.50, 21.46
0.0453449338674545,0.113079771399498,-0.348310083150864,343.16, 337.54, 21.49
0.0472067445516586,0.109116420149803,-0.349539220333099,343.07, 337.57, 21.53
0.0491734370589256,0.104931533336639,-0.35082620382309,342.97, 337.61, 21.57
0.0510106980800629,0.100970841944218,-0.351992785930634,342.88, 337.65, 21.60
0.0529294237494469,0.0967280864715576,-0.353165626525879,342.77, 337.69, 21.62
0.0547732040286064,0.0926412418484688,-0.354290366172791,342.67, 337.73, 21.64
0.0565975829958916,0.0885746777057648,-0.355349332094193,342.56, 337.76, 21.66
0.0584105402231216,0.0843788683414459,-0.356340944766998,342.44, 337.80, 21.66
0.0602768510580063,0.0799634233117104,-0.357329398393631,342.32, 337.86, 21.66
0.0620855018496513,0.0756663680076599,-0.358279198408127,342.21, 337.91, 21.65
0.0640228763222694,0.0708418861031532,-0.359087944030762,342.06, 337.94, 21.66
0.0659394711256027,0.0659904405474663,-0.359687596559525,341.91, 337.91, 21.68
0.0675229579210281,0.0619184970855713,-0.360060214996338,341.77, 337.87, 21.70
0.0688383132219315,0.0584905371069908,-0.360346555709839,341.66, 337.83, 21.71
0.0704489946365356,0.0540026426315308,-0.360547542572021,341.51, 337.79, 21.73
0.0720317959785461,0.0494258962571621,-0.360614836215973,341.37, 337.74, 21.73
0.0735515952110291,0.044921800494194,-0.36064288020134,341.23, 337.70, 21.73
0.0751174837350845,0.0402086600661278,-0.360637247562408,341.09, 337.65, 21.73
0.0765887051820755,0.0356849022209644,-0.360529452562332,340.96, 337.61, 21.73
0.0780887082219124,0.0310355946421623,-0.360383331775665,340.82, 337.55, 21.72
0.0796006619930267,0.026294618844986,-0.36017119884491,340.68, 337.48, 21.71
0.0810572132468224,0.0216674692928791,-0.359938144683838,340.55, 337.42, 21.71
0.0825604051351547,0.0167944505810738,-0.359630465507507,340.42, 337.36, 21.70
0.0839951112866402,0.0121116610243917,-0.359278291463852,340.30, 337.30, 21.70
0.0854338705539703,0.00707569718360901,-0.358750075101852,340.16, 337.24, 21.69
0.0867228284478188,0.00247031264007092,-0.358228921890259,340.04, 337.19, 21.69
0.0881280526518822,-0.00248170271515846,-0.357637107372284,339.91, 337.13, 21.68
0.0894948616623878,-0.0073713157325983,-0.357002377510071,339.78, 337.09, 21.66
0.0908406227827072,-0.0125781241804361,-0.356150925159454,339.64, 337.06, 21.61
0.0921413376927376,-0.0177382100373507,-0.355257093906403,339.49, 337.02, 21.56
0.0934083387255669,-0.0231392551213503,-0.354183822870255,339.33, 337.01, 21.48
0.0947452485561371,-0.0284525770694017,-0.353195697069168,339.18, 337.01, 21.39
0.0961286649107933,-0.0340919271111488,-0.352017104625702,339.02, 337.02, 21.27
0.0973693653941154,-0.0392564162611961,-0.350894689559937,338.87, 337.03, 21.17
0.0986590683460236,-0.0448807254433632,-0.349517285823822,338.71, 337.04, 21.05
0.0999423786997795,-0.0505886971950531,-0.348025292158127,338.53, 337.04, 20.90
0.101233258843422,-0.0560669153928757,-0.346588253974915,338.38, 337.04, 20.75
0.102599874138832,-0.0617431327700615,-0.345024466514587,338.23, 337.05, 20.58
0.10393675416708,-0.0674113258719444,-0.343418478965759,338.08, 337.05, 20.42
0.105284459888935,-0.0730246379971504,-0.341816484928131,337.94, 337.07, 20.24
0.106648594141006,-0.0787991657853127,-0.340140342712402,337.81, 337.12, 20.03
0.108101889491081,-0.0846817791461945,-0.338456034660339,337.71, 337.18, 19.80
0.109419271349907,-0.0900693088769913,-0.336884766817093,337.62, 337.24, 19.60
0.110826097428799,-0.095786340534687,-0.335216611623764,337.54, 337.33, 19.36
0.112183466553688,-0.10153741389513,-0.333517909049988,337.48, 337.44, 19.10
0.113499149680138,-0.107342950999737,-0.331735253334045,337.45, 337.57, 18.80
0.114752307534218,-0.112949945032597,-0.32998663187027,337.43, 337.69, 18.52
0.116065502166748,-0.118811510503292,-0.328158289194107,337.46, 337.83, 18.22
0.117245972156525,-0.124288968741894,-0.326417624950409,337.52, 337.96, 17.91
0.118761293590069,-0.131430804729462,-0.324116945266724,337.64, 338.14, 17.49
0.119993254542351,-0.137365087866783,-0.322171926498413,337.75, 338.29, 17.13
0.120977856218815,-0.142153307795525,-0.320595860481262,337.84, 338.41, 16.84
0.121840536594391,-0.14681401848793,-0.31900942325592,337.92, 338.53, 16.55
0.122796073555946,-0.152675479650497,-0.316976070404053,338.02, 338.68, 16.16
0.123679995536804,-0.158248707652092,-0.315032243728638,338.12, 338.81, 15.79
0.124518230557442,-0.163965597748756,-0.313038945198059,338.22, 338.95, 15.40
0.125399813055992,-0.169781178236008,-0.311073809862137,338.36, 339.11, 14.98
0.126199096441269,-0.175257459282875,-0.309258699417114,338.48, 339.27, 14.58
0.127000212669373,-0.180866584181786,-0.307395547628403,338.61, 339.43, 14.17
0.127793654799461,-0.186682999134064,-0.305506825447083,338.75, 339.62, 13.73
0.128449454903603,-0.191966652870178,-0.303809702396393,338.90, 339.79, 13.32
0.129094943404198,-0.197358176112175,-0.302139729261398,339.09, 339.98, 12.89
0.129761323332787,-0.203087523579597,-0.30036273598671,339.29, 340.19, 12.44
0.130348309874535,-0.208390206098557,-0.298738360404968,339.49, 340.39, 12.02
0.13090418279171,-0.213888436555862,-0.297051340341568,339.72, 340.62, 11.58
0.131414443254471,-0.21962334215641,-0.295298278331757,339.97, 340.86, 11.11
0.131820261478424,-0.224664717912674,-0.293795526027679,340.21, 341.09, 10.69
0.132234588265419,-0.230064898729324,-0.292180776596069,340.47, 341.33, 10.24
0.132519528269768,-0.235619604587555,-0.29054668545723,340.75, 341.59, 9.76
0.132742643356323,-0.240722179412842,-0.289011657238007,341.04, 341.84, 9.31
0.132919460535049,-0.245937824249268,-0.28741979598999,341.36, 342.10, 8.85
0.133076950907707,-0.251156330108643,-0.285824298858643,341.68, 342.35, 8.39
0.133155971765518,-0.256169468164444,-0.284276396036148,342.01, 342.60, 7.95
0.133230641484261,-0.261051267385483,-0.282799899578094,342.38, 342.86, 7.51
0.133315324783325,-0.265967547893524,-0.2813461124897,342.80, 343.14, 7.08
0.133379772305489,-0.270653665065765,-0.279959827661514,343.19, 343.40, 6.66
0.133355900645256,-0.275288134813309,-0.278542160987854,343.60, 343.62, 6.24
0.133339062333107,-0.279792249202728,-0.277142852544785,344.03, 343.82, 5.84
0.13332387804985,-0.284041732549667,-0.275777399539948,344.47, 344.00, 5.46
0.133300632238388,-0.28825119137764,-0.274440377950668,344.91, 344.17, 5.09
0.133272394537926,-0.292361557483673,-0.27309837937355,345.36, 344.33, 4.73
0.133243948221207,-0.296238750219345,-0.271828949451447,345.82, 344.48, 4.38
0.133243501186371,-0.300164103507996,-0.270572274923325,346.31, 344.63, 4.02
0.133244171738625,-0.303667664527893,-0.26946896314621,346.75, 344.76, 3.70
0.133255630731583,-0.307210564613342,-0.268323600292206,347.21, 344.89, 3.36
0.133255109190941,-0.310695230960846,-0.267189383506775,347.68, 345.02, 3.02
0.133255437016487,-0.313646674156189,-0.266242504119873,348.10, 345.14, 2.73
0.133259460330009,-0.316682815551758,-0.265281677246094,348.54, 345.27, 2.42
0.133226290345192,-0.319703370332718,-0.26434063911438,349.00, 345.41, 2.10
0.133198976516724,-0.322646975517273,-0.263399958610535,349.47, 345.53, 1.79
0.13313601911068,-0.325785964727402,-0.262356281280518,349.99, 345.66, 1.43
0.13309308886528,-0.327958017587662,-0.261640816926956,350.35, 345.74, 1.18
0.133051499724388,-0.330657958984375,-0.260764241218567,350.82, 345.85, 0.87
0.13302093744278,-0.333146035671234,-0.260000616312027,351.28, 345.97, 0.57
0.133022472262383,-0.335490345954895,-0.259348750114441,351.78, 346.11, 0.29
0.133032381534576,-0.337742775678635,-0.258735537528992,352.26, 346.24, 0.01
0.133092448115349,-0.339858621358871,-0.258252739906311,352.76, 346.37, 359.75
0.133209958672523,-0.34182220697403,-0.257849156856537,353.26, 346.51, 359.50
0.133282601833344,-0.343718707561493,-0.257481783628464,353.76, 346.64, 359.25
0.133366093039513,-0.345553278923035,-0.257147252559662,354.26, 346.77, 359.01
0.133496448397636,-0.347323209047318,-0.256920516490936,354.76, 346.91, 358.77
0.13365313410759,-0.348989963531494,-0.256776541471481,355.28, 347.06, 358.55
0.13382975757122,-0.350479394197464,-0.256695240736008,355.77, 347.19, 358.36
0.133962735533714,-0.351955235004425,-0.256603866815567,356.28, 347.33, 358.17
0.134105309844017,-0.353396445512772,-0.256538599729538,356.78, 347.46, 357.98
0.13419896364212,-0.354796439409256,-0.256525248289108,357.28, 347.59, 357.78
0.134267866611481,-0.356206744909286,-0.256479531526566,357.78, 347.71, 357.58
0.134297743439674,-0.357482999563217,-0.256487786769867,358.28, 347.83, 357.39
0.134333193302155,-0.358656466007233,-0.256519317626953,358.74, 347.94, 357.21
0.134343042969704,-0.359781205654144,-0.256614625453949,359.24, 348.07, 357.02
0.13433039188385,-0.360741078853607,-0.256740927696228,359.77, 348.21, 356.86
0.134206637740135,-0.361359179019928,-0.256812870502472,0.16, 348.33, 356.74
0.13405154645443,-0.362081944942474,-0.256923854351044,0.65, 348.47, 356.59
0.133799731731415,-0.36266964673996,-0.257017403841019,1.09, 348.61, 356.46
0.133509248495102,-0.363082826137543,-0.257131993770599,1.52, 348.74, 356.36
0.133237034082413,-0.363288104534149,-0.257321298122406,1.97, 348.89, 356.29
0.132978841662407,-0.363456040620804,-0.257513523101807,2.38, 349.03, 356.24
0.132694274187088,-0.363349139690399,-0.257782876491547,2.83, 349.19, 356.23
0.132397532463074,-0.363037079572678,-0.258202582597733,3.28, 349.36, 356.24
0.132024556398392,-0.362628519535065,-0.258688032627106,3.70, 349.55, 356.26
0.131657555699348,-0.362197548151016,-0.259185254573822,4.10, 349.73, 356.27
0.131249397993088,-0.361596286296844,-0.259767532348633,4.50, 349.92, 356.31
0.130832567811012,-0.360853284597397,-0.260481745004654,4.90, 350.11, 356.35
0.130456283688545,-0.360034942626953,-0.261290997266769,5.26, 350.30, 356.40
0.130072087049484,-0.359157532453537,-0.262157022953033,5.62, 350.50, 356.45
0.12965202331543,-0.358150601387024,-0.263135075569153,5.99, 350.70, 356.51
0.129234656691551,-0.357091128826141,-0.264139503240585,6.33, 350.90, 356.59
0.128773629665375,-0.355889111757278,-0.265254497528076,6.68, 351.11, 356.67
0.12830613553524,-0.354635328054428,-0.266419619321823,7.04, 351.32, 356.76
0.127841979265213,-0.353320211172104,-0.267650008201599,7.37, 351.53, 356.86
0.127213150262833,-0.351662456989288,-0.269153773784637,7.76, 351.78, 356.99
0.126633122563362,-0.350391238927841,-0.270265281200409,8.04, 351.97, 357.08
0.126015901565552,-0.34902212023735,-0.271463632583618,8.33, 352.17, 357.18
0.124627530574799,-0.34638249874115,-0.273643523454666,8.86, 352.55, 357.36
0.123945459723473,-0.345081478357315,-0.274715542793274,9.12, 352.73, 357.45
0.123157203197479,-0.343524247407913,-0.275944232940674,9.40, 352.94, 357.56
0.122533991932869,-0.342237174510956,-0.276954770088196,9.63, 353.11, 357.66
0.121899396181107,-0.340921670198441,-0.277986168861389,9.86, 353.28, 357.76
0.121110588312149,-0.339313626289368,-0.279140919446945,10.11, 353.48, 357.89
0.120169937610626,-0.337465941905975,-0.280304223299026,10.37, 353.69, 358.03
0.119108706712723,-0.335541188716888,-0.281379640102386,10.62, 353.90, 358.19
0.118050955235958,-0.33363288640976,-0.282427996397018,10.85, 354.11, 358.34
0.116837956011295,-0.331636071205139,-0.283385992050171,11.07, 354.33, 358.51
0.115558557212353,-0.329598933458328,-0.284186482429504,11.27, 354.54, 358.68
0.114198438823223,-0.327505648136139,-0.284859120845795,11.46, 354.74, 358.85
0.11275639384985,-0.325309962034225,-0.285527527332306,11.65, 354.95, 359.03
0.111448556184769,-0.323316276073456,-0.286019384860992,11.81, 355.14, 359.21
0.110006727278233,-0.321047216653824,-0.286481082439423,11.97, 355.35, 359.42
0.108598589897156,-0.318723499774933,-0.286949217319489,12.12, 355.57, 359.66
0.10712019354105,-0.316313058137894,-0.287390172481537,12.27, 355.80, 359.90
0.105717845261097,-0.31407767534256,-0.2877516746521,12.39, 356.02, 0.12
0.104310683906078,-0.311883360147476,-0.288020133972168,12.49, 356.23, 0.35
0.102854065597057,-0.309649050235748,-0.288269847631454,12.57, 356.44, 0.59
0.101402685046196,-0.307459026575089,-0.288469552993774,12.66, 356.64, 0.81
0.0999906584620476,-0.305321425199509,-0.288665473461151,12.72, 356.84, 1.04
0.0986361876130104,-0.303152412176132,-0.288944959640503,12.79, 357.04, 1.28
0.0973371118307114,-0.301037937402725,-0.289244949817657,12.83, 357.24, 1.51
0.0960813239216805,-0.29901123046875,-0.289510607719421,12.87, 357.42, 1.73
0.0948162525892258,-0.296967387199402,-0.289779484272003,12.87, 357.60, 1.95
0.0936468914151192,-0.295052945613861,-0.290057003498077,12.85, 357.77, 2.16
0.0925219804048538,-0.293169230222702,-0.290397584438324,12.80, 357.94, 2.37
0.0913974419236183,-0.291312396526337,-0.290704995393753,12.76, 358.12, 2.58
0.0903720259666443,-0.28952294588089,-0.291103541851044,12.69, 358.30, 2.78
0.0893778279423714,-0.28770112991333,-0.291560232639313,12.61, 358.48, 3.00
0.0884552225470543,-0.285928159952164,-0.292062133550644,12.51, 358.67, 3.21
0.0875557735562325,-0.284198850393295,-0.292542368173599,12.41, 358.84, 3.42
0.0865937098860741,-0.282234996557236,-0.293089538812637,12.28, 359.03, 3.67
0.0858294069766998,-0.280552268028259,-0.293573826551437,12.17, 359.19, 3.88
0.0851407051086426,-0.278959900140762,-0.294046491384506,12.06, 359.35, 4.10
0.084449864923954,-0.277230441570282,-0.294565618038177,11.93, 359.51, 4.33
0.0837780982255936,-0.275528430938721,-0.29507452249527,11.80, 359.66, 4.56
0.0831685587763786,-0.27382504940033,-0.295560956001282,11.66, 359.81, 4.79
0.0826190412044525,-0.27209684252739,-0.295989632606506,11.50, 359.95, 5.04
0.0820979252457619,-0.270319133996964,-0.296400189399719,11.33, 0.07, 5.30
0.0816036835312843,-0.268575102090836,-0.296804428100586,11.17, 0.20, 5.56
0.0811037793755531,-0.266529351472855,-0.297274529933929,10.96, 0.34, 5.87
0.0806377828121185,-0.264409184455872,-0.297772705554962,10.74, 0.49, 6.20
0.0802922919392586,-0.262619823217392,-0.298142969608307,10.56, 0.61, 6.49
0.0799668505787849,-0.260686874389648,-0.298468828201294,10.37, 0.72, 6.80
0.0795774683356285,-0.258478611707687,-0.298734813928604,10.15, 0.85, 7.14
0.0792710706591606,-0.256664037704468,-0.298933863639832,9.97, 0.95, 7.42
0.0789350494742393,-0.254778325557709,-0.298963367938995,9.76, 1.04, 7.71
0.0786400362849236,-0.25280886888504,-0.298819065093994,9.54, 1.10, 8.01
0.0783475413918495,-0.250672906637192,-0.298523932695389,9.30, 1.13, 8.32
0.0781028941273689,-0.248841226100922,-0.298230320215225,9.09, 1.15, 8.59
0.0776954516768456,-0.245626449584961,-0.297475665807724,8.69, 1.13, 9.07
0.0774350985884666,-0.243339210748672,-0.296793162822723,8.40, 1.08, 9.40
0.0772654414176941,-0.241776287555695,-0.296168148517609,8.19, 1.03, 9.62
0.0769911110401154,-0.239599943161011,-0.294926524162292,7.87, 0.92, 9.92
0.0767732486128807,-0.237407952547073,-0.29365199804306,7.54, 0.79, 10.23
0.0765646770596504,-0.235439836978912,-0.292440205812454,7.24, 0.67, 10.50
0.076364666223526,-0.233435541391373,-0.291133999824524,6.91, 0.55, 10.77
0.0761656388640404,-0.231361836194992,-0.289710402488708,6.56, 0.41, 11.05
0.0759312957525253,-0.229127675294876,-0.288098722696304,6.18, 0.27, 11.35
0.075688511133194,-0.227126210927963,-0.286510229110718,5.82, 0.13, 11.62
0.0754237547516823,-0.224962443113327,-0.284647583961487,5.43, 359.97, 11.91
0.0751976072788239,-0.22297266125679,-0.282861411571503,5.06, 359.83, 12.18
0.0749836564064026,-0.220874816179276,-0.280922532081604,4.68, 359.67, 12.47
0.0747611150145531,-0.218928709626198,-0.279048562049866,4.34, 359.52, 12.74
0.0745502561330795,-0.216840445995331,-0.276990383863449,3.98, 359.35, 13.03
0.0743061602115631,-0.214818045496941,-0.274858772754669,3.64, 359.19, 13.30
0.0739665925502777,-0.212695881724358,-0.27241837978363,3.26, 359.01, 13.58
0.0736229494214058,-0.210796475410461,-0.270143985748291,2.93, 358.85, 13.83
0.0732738971710205,-0.20872575044632,-0.267616242170334,2.56, 358.68, 14.10
0.0729862749576569,-0.207110062241554,-0.265537559986115,2.28, 358.54, 14.29
0.0726605951786041,-0.20527246594429,-0.263135939836502,1.96, 358.38, 14.51
0.0723078176379204,-0.203498840332031,-0.260745286941528,1.66, 358.23, 14.71
0.0718846097588539,-0.201729252934456,-0.258226901292801,1.36, 358.08, 14.91
0.0714043602347374,-0.199932619929314,-0.25555607676506,1.06, 357.91, 15.10
0.0708369314670563,-0.198339536786079,-0.252950817346573,0.78, 357.76, 15.24
0.0701852738857269,-0.196701884269714,-0.250183999538422,0.50, 357.61, 15.38
0.0694698989391327,-0.19512927532196,-0.2474105656147,0.22, 357.46, 15.50
0.0687701553106308,-0.193608224391937,-0.244705051183701,359.95, 357.33, 15.60
0.0679449215531349,-0.192092761397362,-0.24184775352478,359.68, 357.20, 15.67
0.0670688152313232,-0.190623074769974,-0.239002421498299,359.43, 357.07, 15.75
0.0661377161741257,-0.189201727509499,-0.236119106411934,359.17, 356.95, 15.80
0.065163679420948,-0.187799334526062,-0.233212098479271,358.93, 356.83, 15.82
0.0641708076000214,-0.186366945505142,-0.230203807353973,358.68, 356.70, 15.83
0.0631425455212593,-0.184980779886246,-0.227242290973663,358.44, 356.58, 15.84
0.0621078237891197,-0.183566242456436,-0.22422331571579,358.21, 356.45, 15.84
0.0610511377453804,-0.182119235396385,-0.221134409308434,357.99, 356.32, 15.84
0.0600051656365395,-0.180718898773193,-0.218099966645241,357.80, 356.20, 15.83
0.0588888600468636,-0.179294541478157,-0.214977696537971,357.61, 356.07, 15.82
0.0576798245310783,-0.177833035588264,-0.211800098419189,357.43, 355.94, 15.79
0.056518666446209,-0.176412343978882,-0.208762124180794,357.29, 355.81, 15.76
0.0551308393478394,-0.174948915839195,-0.205459728837013,357.16, 355.70, 15.69
0.0537227764725685,-0.173502653837204,-0.202275007963181,357.07, 355.62, 15.59
0.0522829741239548,-0.172078892588615,-0.199129998683929,356.98, 355.54, 15.50
0.0507901012897491,-0.170672059059143,-0.195994794368744,356.92, 355.50, 15.38
0.0493123978376389,-0.169194370508194,-0.192810028791428,356.88, 355.46, 15.25
0.0478717163205147,-0.167674973607063,-0.189572557806969,356.87, 355.41, 15.11
0.0464232712984085,-0.166186049580574,-0.186401009559631,356.86, 355.36, 14.98
0.0448984876275063,-0.164644613862038,-0.183144822716713,356.87, 355.33, 14.83
0.0434096828103065,-0.163176476955414,-0.180049672722816,356.88, 355.31, 14.67
0.0419117882847786,-0.161624401807785,-0.176877498626709,356.90, 355.30, 14.50
0.0403928086161613,-0.160080417990685,-0.17373014986515,356.93, 355.29, 14.33
0.038926474750042,-0.158534988760948,-0.170624360442162,356.96, 355.27, 14.16
0.0374048128724098,-0.156931951642036,-0.167394146323204,357.01, 355.24, 13.97
0.0359119325876236,-0.15535432100296,-0.164221838116646,357.05, 355.22, 13.77
0.0344904735684395,-0.153877958655357,-0.161263763904572,357.09, 355.19, 13.59
0.0329752415418625,-0.152293086051941,-0.158145397901535,357.13, 355.17, 13.39
0.0314439460635185,-0.150663495063782,-0.155029714107513,357.18, 355.16, 13.19
0.0299684647470713,-0.149022027850151,-0.152071043848991,357.25, 355.16, 12.99
0.0284405220299959,-0.147350236773491,-0.149068489670753,357.32, 355.17, 12.78
0.0266350097954273,-0.145318582653999,-0.145525440573692,357.41, 355.18, 12.53
0.0252038352191448,-0.143707573413849,-0.142786294221878,357.48, 355.19, 12.33
0.0238348674029112,-0.142307579517365,-0.140357777476311,357.53, 355.23, 12.11
0.0222799833863974,-0.14073458313942,-0.137650519609451,357.60, 355.27, 11.87
0.0206924676895142,-0.139135420322418,-0.134899526834488,357.67, 355.32, 11.60
0.0190372187644243,-0.13746352493763,-0.132092282176018,357.75, 355.37, 11.32
0.0175025127828121,-0.135906204581261,-0.12951023876667,357.81, 355.44, 11.03
0.0159734003245831,-0.13436983525753,-0.126977369189262,357.88, 355.50, 10.76
0.0144077967852354,-0.132819071412086,-0.124473750591278,357.94, 355.57, 10.46
0.0127743110060692,-0.131206586956978,-0.12192901968956,358.01, 355.65, 10.13
0.011250464245677,-0.129708811640739,-0.119584627449512,358.07, 355.74, 9.80
0.00966533273458481,-0.128157183527946,-0.117181390523911,358.13, 355.82, 9.47
0.00810884218662977,-0.126648515462875,-0.114857256412506,358.19, 355.92, 9.12
0.00662884674966335,-0.125180169939995,-0.112663105130196,358.25, 356.02, 8.77
0.00519987102597952,-0.12372363358736,-0.110595747828484,358.31, 356.13, 8.41
0.00375427538529038,-0.122249774634838,-0.108532875776291,358.37, 356.24, 8.05
0.00228254636749625,-0.120751269161701,-0.106463149189949,358.44, 356.36, 7.66
0.000935840886086226,-0.119363524019718,-0.104605808854103,358.51, 356.48, 7.28
-0.000519866123795509,-0.117895908653736,-0.10268360376358,358.59, 356.62, 6.86
-0.0018220798810944,-0.116625867784023,-0.100964538753033,358.66, 356.73, 6.46
-0.00319932051934302,-0.115281544625759,-0.0991693139076233,358.74, 356.85, 6.04
-0.00458587473258376,-0.113937504589558,-0.0973948538303375,358.81, 356.97, 5.60
-0.00586413592100143,-0.112645424902439,-0.0957769453525543,358.88, 357.08, 5.18
-0.00711986608803272,-0.111310787498951,-0.0942176729440689,358.95, 357.20, 4.73
-0.00845157913863659,-0.109885282814503,-0.0925862789154053,359.02, 357.33, 4.27
-0.00957094877958298,-0.10865456610918,-0.0912967622280121,359.08, 357.45, 3.87
-0.0108118047937751,-0.107260920107365,-0.0898730009794235,359.14, 357.58, 3.41
-0.0119074452668428,-0.105984516441822,-0.0886491388082504,359.19, 357.70, 2.97
-0.0130525901913643,-0.104631640017033,-0.0873862504959106,359.25, 357.83, 2.52
-0.0140683203935623,-0.103361733257771,-0.0862890332937241,359.29, 357.95, 2.10
-0.0151113634929061,-0.101995401084423,-0.0851586014032364,359.32, 358.07, 1.63
-0.0160278156399727,-0.100800402462482,-0.0841919779777527,359.33, 358.16, 1.18
-0.0169993173331022,-0.0995092168450356,-0.0831844508647919,359.34, 358.26, 0.72
-0.0179004892706871,-0.098272293806076,-0.0822516977787018,359.33, 358.35, 0.26
-0.0187792740762234,-0.0969523265957832,-0.0813736170530319,359.32, 358.43, 359.79
-0.0195815749466419,-0.0956606417894363,-0.0805810838937759,359.30, 358.51, 359.34
-0.0204009003937244,-0.0943049862980843,-0.0797888487577438,359.28, 358.58, 358.89
-0.0211205650120974,-0.0930303186178207,-0.0791162848472595,359.25, 358.65, 358.48
-0.0218931920826435,-0.0916378870606422,-0.0784401297569275,359.23, 358.73, 358.04
-0.0226412434130907,-0.090253084897995,-0.0778261125087738,359.22, 358.80, 357.61
-0.0233710147440434,-0.0888631269335747,-0.0772414654493332,359.21, 358.88, 357.20
-0.024117324501276,-0.0875039845705032,-0.0766375288367271,359.19, 358.94, 356.80
-0.0248812213540077,-0.0860373973846436,-0.0760362297296524,359.18, 359.02, 356.38
-0.0255985762923956,-0.0846450552344322,-0.0754672959446907,359.18, 359.09, 356.00
-0.0265577211976051,-0.0827932506799698,-0.0746999010443687,359.18, 359.19, 355.51
-0.0272252019494772,-0.081473134458065,-0.074173204600811,359.18, 359.25, 355.16
-0.0279159527271986,-0.0800513476133347,-0.0736110806465149,359.19, 359.32, 354.81
-0.0284846164286137,-0.0788283944129944,-0.0731408298015594,359.22, 359.38, 354.53
-0.0292209647595882,-0.0773498043417931,-0.0724586844444275,359.24, 359.45, 354.19
-0.0298528112471104,-0.0760517194867134,-0.0718736872076988,359.27, 359.50, 353.90
-0.030737517401576,-0.074319027364254,-0.0709531232714653,359.30, 359.56, 353.51
-0.0314934849739075,-0.0728162080049515,-0.0700774937868118,359.35, 359.60, 353.20
-0.0322959199547768,-0.0712416395545006,-0.0690998956561089,359.41, 359.63, 352.89
-0.0329078435897827,-0.0700273439288139,-0.0683497712016106,359.45, 359.66, 352.65
-0.0336437076330185,-0.0685805380344391,-0.067379392683506,359.51, 359.69, 352.38
-0.0342473685741425,-0.0673136636614799,-0.0664776861667633,359.57, 359.71, 352.16
-0.0349397584795952,-0.0658387243747711,-0.0653583481907845,359.64, 359.74, 351.91
-0.0356252640485764,-0.0643720850348473,-0.0642375349998474,359.70, 359.76, 351.67
-0.0362442582845688,-0.0629641935229301,-0.0631301403045654,359.78, 359.78, 351.45
-0.0368403047323227,-0.061497651040554,-0.0619636178016663,359.86, 359.79, 351.23
-0.0373673886060715,-0.0599633231759071,-0.0607701241970062,359.94, 359.81, 351.03
-0.037865474820137,-0.058487743139267,-0.0596162378787994,0.03, 359.82, 350.84
-0.038309633731842,-0.0570790693163872,-0.0584880337119102,0.11, 359.83, 350.66
-0.0387116596102715,-0.0556318312883377,-0.0573249161243439,0.19, 359.83, 350.49
-0.039101704955101,-0.0542116686701775,-0.0561852902173996,0.27, 359.84, 350.34
-0.0394904166460037,-0.0527648106217384,-0.055019699037075,0.36, 359.85, 350.18
-0.0398472249507904,-0.0512487515807152,-0.0538183599710464,0.46, 359.86, 350.04
-0.0401359722018242,-0.0498432964086533,-0.052657812833786,0.55, 359.86, 349.92
-0.0404248088598251,-0.048457644879818,-0.0514325872063637,0.62, 359.85, 349.80
-0.0406994223594666,-0.0470916256308556,-0.0502217411994934,0.70, 359.84, 349.69
-0.0409695357084274,-0.0457499697804451,-0.0489504709839821,0.76, 359.82, 349.58
-0.0412371382117271,-0.044458419084549,-0.0476710498332977,0.82, 359.79, 349.47
-0.0415143370628357,-0.0431787744164467,-0.0463422164320946,0.88, 359.76, 349.36
-0.0417677685618401,-0.0419911220669746,-0.0450983569025993,0.93, 359.74, 349.26
-0.0420053079724312,-0.040770098567009,-0.043828658759594,0.98, 359.71, 349.16
-0.0421834886074066,-0.0395629033446312,-0.0426148697733879,1.03, 359.69, 349.08
-0.0423255413770676,-0.0383603125810623,-0.0414264351129532,1.09, 359.67, 349.01
-0.0424567982554436,-0.0371899828314781,-0.0402620658278465,1.14, 359.65, 348.94
-0.0425557196140289,-0.0359277054667473,-0.0390127599239349,1.19, 359.62, 348.87
-0.0426245033740997,-0.0347708910703659,-0.0378536656498909,1.24, 359.60, 348.81
-0.0426773503422737,-0.0336109399795532,-0.0366992801427841,1.29, 359.57, 348.75
-0.0427069813013077,-0.0324359610676765,-0.0355383828282356,1.34, 359.54, 348.70
-0.0427240431308746,-0.0314440503716469,-0.0345549210906029,1.38, 359.52, 348.66
-0.0427266284823418,-0.0304108690470457,-0.0335126146674156,1.43, 359.50, 348.62
-0.0426888540387154,-0.0293701346963644,-0.0324826315045357,1.47, 359.47, 348.59
-0.0426416844129562,-0.0283692572265863,-0.0314869433641434,1.51, 359.45, 348.56
-0.042580671608448,-0.0273340996354818,-0.030456155538559,1.56, 359.42, 348.54
-0.0425304099917412,-0.0263239908963442,-0.0294122993946075,1.60, 359.39, 348.52
-0.0424511134624481,-0.0253185387700796,-0.0284285619854927,1.65, 359.37, 348.50
-0.0423268899321556,-0.0243020299822092,-0.0274942070245743,1.70, 359.34, 348.50
-0.0421888083219528,-0.0232621263712645,-0.0265343263745308,1.75, 359.32, 348.50
-0.042068138718605,-0.0222762692719698,-0.0256018489599228,1.80, 359.30, 348.50
-0.0419312715530396,-0.021215895190835,-0.0245633348822594,1.86, 359.27, 348.50
-0.0418058708310127,-0.0203302185982466,-0.0236966088414192,1.90, 359.24, 348.51
-0.0416660159826279,-0.0194327291101217,-0.0228214785456657,1.95, 359.21, 348.52
-0.041490413248539,-0.0184847842901945,-0.0219125226140022,2.00, 359.18, 348.54
-0.0413180068135262,-0.0175809878855944,-0.021020844578743,2.05, 359.14, 348.55
-0.0411418005824089,-0.0167037080973387,-0.0201174318790436,2.09, 359.10, 348.57
-0.0409572422504425,-0.0158343072980642,-0.0192217901349068,2.13, 359.06, 348.59
-0.0407633408904076,-0.0149812120944262,-0.0183346047997475,2.18, 359.02, 348.61
-0.0405346676707268,-0.0141599345952272,-0.0175274312496185,2.22, 358.99, 348.64
-0.0402770265936852,-0.0133513528853655,-0.0167296901345253,2.27, 358.96, 348.67
-0.0400103852152824,-0.0125622097402811,-0.0159490704536438,2.31, 358.93, 348.70
-0.0397050231695175,-0.0118055362254381,-0.015191949903965,2.36, 358.90, 348.73
-0.0393129363656044,-0.011010168120265,-0.0144923627376556,2.40, 358.86, 348.78
-0.0388214439153671,-0.0101247671991587,-0.013809010386467,2.47, 358.83, 348.85
-0.0383707657456398,-0.00936397351324558,-0.0132279396057129,2.52, 358.80, 348.92
-0.0378453731536865,-0.00852626375854015,-0.0126573145389557,2.59, 358.78, 349.00
-0.0373160094022751,-0.00768043287098408,-0.0121278166770935,2.67, 358.76, 349.09
-0.0367690548300743,-0.00683297030627728,-0.0116218477487564,2.75, 358.74, 349.19
-0.0362067371606827,-0.0060055423527956,-0.0111376345157623,2.83, 358.72, 349.28
-0.0355907827615738,-0.00512188859283924,-0.0106273889541626,2.91, 358.71, 349.39
-0.0350470095872879,-0.00438429601490498,-0.0102057009935379,2.98, 358.69, 349.49
-0.0344223976135254,-0.00359891913831234,-0.00977885723114014,3.06, 358.67, 349.60
-0.0338082872331142,-0.00286309979856014,-0.00938878953456879,3.14, 358.65, 349.71
-0.0331261567771435,-0.00210635736584663,-0.00903427600860596,3.22, 358.63, 349.83
-0.0324345156550407,-0.00139794498682022,-0.00876851379871368,3.31, 358.62, 349.95
-0.0317046977579594,-0.000659134238958359,-0.00850266218185425,3.39, 358.61, 350.08
-0.0310260728001595,7.28107988834381E-06,-0.00833629071712494,3.48, 358.62, 350.21
-0.0302777718752623,0.000707199797034264,-0.00817815959453583,3.57, 358.63, 350.34
-0.029556792229414,0.00139628536999226,-0.00807604193687439,3.67, 358.65, 350.49
-0.0288027189671993,0.00208760984241962,-0.00805491209030151,3.78, 358.68, 350.64
-0.0280545018613338,0.00276237167418003,-0.00804498791694641,3.88, 358.71, 350.80
-0.0272640231996775,0.00344240479171276,-0.00805294513702393,3.99, 358.75, 350.97
-0.0264982059597969,0.00407237000763416,-0.00808750092983246,4.09, 358.78, 351.14
-0.0256879031658173,0.00475543178617954,-0.00814723968505859,4.20, 358.82, 351.33
-0.0249350350350142,0.00540052354335785,-0.00821195542812347,4.31, 358.86, 351.53
-0.0241415724158287,0.00604812614619732,-0.00829754769802094,4.42, 358.91, 351.73
-0.0234385840594769,0.00659921020269394,-0.00840497016906738,4.53, 358.96, 351.91
-0.0227375011891127,0.00710292719304562,-0.00852517783641815,4.64, 359.01, 352.10
-0.0220776535570621,0.00758026912808418,-0.00864104926586151,4.75, 359.06, 352.29
-0.0213631950318813,0.0080700721591711,-0.0087769478559494,4.86, 359.12, 352.49
-0.0206957757472992,0.00850813649594784,-0.00888216495513916,4.97, 359.17, 352.69
-0.0200179032981396,0.00892790593206882,-0.00899352133274078,5.08, 359.22, 352.90
-0.0193894729018211,0.00926871038973331,-0.00911033153533936,5.19, 359.28, 353.10
-0.0187159888446331,0.00960632227361202,-0.00924573838710785,5.30, 359.34, 353.30
-0.0181281641125679,0.00985143519937992,-0.00933822989463806,5.39, 359.41, 353.49
-0.0175502374768257,0.010032607242465,-0.00937257707118988,5.48, 359.47, 353.68
-0.0169949010014534,0.0101584922522306,-0.00935284793376923,5.56, 359.53, 353.86
-0.0164358653128147,0.0102617796510458,-0.00933440029621124,5.63, 359.58, 354.04
-0.0158841460943222,0.010329557582736,-0.00931832194328308,5.70, 359.64, 354.22
-0.0152018265798688,0.0104159535840154,-0.0093170553445816,5.77, 359.71, 354.43
-0.0143171986564994,0.01049386523664,-0.00937117636203766,5.85, 359.80, 354.70
-0.0136799477040768,0.01048603374511,-0.00941391289234161,5.88, 359.87, 354.87
-0.0130715733394027,0.0104068778455257,-0.009450763463974,5.89, 359.94, 355.03
-0.0124820247292519,0.0103141069412231,-0.00948305428028107,5.89, 0.00, 355.18
-0.0117693683132529,0.0101468171924353,-0.00953349471092224,5.88, 0.07, 355.34
-0.0111521519720554,0.00994519516825676,-0.00959935784339905,5.84, 0.13, 355.47
-0.010410375893116,0.00962582975625992,-0.009694904088974,5.77, 0.21, 355.62
-0.00979316048324108,0.00931033492088318,-0.00980095565319061,5.70, 0.28, 355.73
-0.00916679576039314,0.00897364877164364,-0.00990170240402222,5.62, 0.35, 355.84
-0.00863370299339294,0.00863607414066792,-0.00994491577148438,5.54, 0.39, 355.91
-0.00804175436496735,0.00818844698369503,-0.00992684066295624,5.43, 0.41, 355.98
-0.00740825012326241,0.00769192166626453,-0.0099000483751297,5.32, 0.44, 356.05
-0.00685992743819952,0.00722064636647701,-0.00990542769432068,5.21, 0.47, 356.12
-0.00639964966103435,0.00678281113505363,-0.00990545749664307,5.12, 0.50, 356.17
-0.00588845834136009,0.0062800794839859,-0.00989764928817749,5.01, 0.53, 356.23
-0.0053308280184865,0.00570592470467091,-0.00987114012241364,4.88, 0.57, 356.29
-0.00481135491281748,0.00512184202671051,-0.00982120633125305,4.74, 0.61, 356.34
-0.00431456929072738,0.00452479161322117,-0.00975519418716431,4.60, 0.64, 356.39
-0.00385587476193905,0.00394477322697639,-0.00967700779438019,4.46, 0.68, 356.44
-0.00340597680769861,0.00337430089712143,-0.00958536565303802,4.31, 0.71, 356.49
-0.00297435792163014,0.00280279666185379,-0.00947414338588715,4.17, 0.74, 356.53
-0.0025662446860224,0.00223837234079838,-0.00933849811553955,4.02, 0.76, 356.57
-0.00217355322092772,0.00167525373399258,-0.00919392704963684,3.87, 0.78, 356.61
-0.00182248698547482,0.00107261165976524,-0.00901049375534058,3.72, 0.80, 356.64
-0.00148789188824594,0.000519195571541786,-0.00884288549423218,3.56, 0.82, 356.67
-0.00112441158853471,-2.37096101045609E-05,-0.00867658853530884,3.41, 0.83, 356.71
-0.000797605607658625,-0.000540908426046371,-0.00850731134414673,3.26, 0.85, 356.74
-0.000448005506768823,-0.00103058479726315,-0.0083206444978714,3.10, 0.85, 356.79
-9.3323877081275E-05,-0.00151876918971539,-0.00811818242073059,2.93, 0.86, 356.83
0.000271756667643785,-0.00200966000556946,-0.00793781876564026,2.76, 0.86, 356.86
0.000606121961027384,-0.00248665548861027,-0.00774997472763062,2.59, 0.87, 356.89
0.000945669133216143,-0.00301770865917206,-0.00762262940406799,2.40, 0.89, 356.90
1.26308295875788E-05,-4.03057783842087E-05,-0.000101804733276367,2.25, 0.84, 357.10
0,0,0,2.09, 0.78, 357.30
